152,1,151,2,150,2,149,3,149,4,149,5,148,6,148,7,148,8,148,9,148,10,147,11,147,12,147,13,147,14,147,15,148,16,148,17,149,18,149,19,150,20,151,21,152,22,153,23,154,24,155,25,156,25,157,26,158,26,159,26,160,27,161,27,162,27,163,27,164,27,165,27,166,27,167,27,168,27,169,27,170,26,171,26,172,26,173,25,174,25,175,24,176,23,177,23,178,22,179,21,180,21,181,20,182,19,182,18,182,17,182,16,182,15,182,14,182,13,182,12,182,11,183,10,183,9,183,8,183,7,182,6,182,5,182,4,182,3,181,2,180,2,179,2,178,2,177,2,176,2,175,2,174,2,173,2,172,2,171,2,170,2,169,2,168,2,167,2,166,2,165,2,164,2,163,2,162,2,161,2,160,2,159,2,158,2,157,2,156,2,155,2,154,2,153,1
186,1,185,2,184,3,184,4,184,5,185,6,185,7,185,8,186,9,186,10,187,11,187,12,188,13,189,14,189,15,190,16,191,17,192,17,193,18,194,19,195,19,196,20,197,20,198,20,199,20,200,20,201,20,202,20,203,20,204,20,205,20,206,20,207,20,208,20,209,19,210,19,211,18,212,18,213,17,214,17,215,16,216,15,216,14,217,13,217,12,218,11,218,10,219,9,219,8,219,7,219,6,219,5,219,4,219,3,218,2,217,2,216,1,215,2,214,2,213,2,212,2,211,2,210,2,209,2,208,2,207,2,206,2,205,2,204,2,203,2,202,2,201,2,200,2,199,2,198,2,197,2,196,2,195,2,194,2,193,2,192,2,191,2,190,2,189,2,188,1,187,1
296,1,295,2,294,2,294,3,294,4,295,5,296,6,297,6,298,7,299,8,300,8,301,9,302,9,303,10,304,10,305,10,306,10,307,10,308,10,309,10,310,9,311,9,312,9,313,9,314,8,315,8,316,7,317,7,317,6,318,5,318,4,319,3,320,3,320,2,319,2,318,2,317,2,316,2,315,2,314,2,313,2,312,2,311,2,310,2,309,2,308,2,307,1,306,1,305,1,304,1,303,1,302,1,301,1,300,1,299,1,298,1,297,1
323,1,322,2,321,2,321,3,321,4,322,5,322,6,322,7,323,8,323,9,324,10,325,11,325,12,326,12,327,13,328,14,329,14,330,15,331,15,332,16,333,16,334,16,335,17,336,17,337,18,338,17,339,17,340,16,341,16,342,16,343,15,344,15,345,14,346,14,347,13,348,13,349,12,350,12,351,11,352,10,353,10,353,9,354,8,354,7,354,6,354,5,355,4,354,3,354,2,353,2,352,2,351,2,350,2,349,2,348,2,347,2,346,2,345,2,344,2,343,2,342,2,341,2,340,2,339,2,338,2,337,2,336,2,335,2,334,2,333,2,332,2,331,2,330,1,329,1,328,1,327,1,326,1,325,1,324,1
72,2,72,3,72,4,73,5,74,6,75,7,76,8,77,9,78,10,79,10,80,11,81,11,82,11,83,11,84,11,85,12,86,13,87,13,88,12,89,12,90,12,91,11,92,11,93,10,94,10,95,9,96,9,97,8,98,8,99,7,100,6,100,5,100,4,100,3,99,2,98,2,97,2,96,2,95,2,94,2,93,2,92,2,91,2,90,2,89,2,88,2,87,2,86,2,85,2,84,2,83,2,82,2,81,2,80,2,79,2,78,2,77,2,76,2,75,2,74,2,73,2
400,2,399,3,398,3,397,4,397,5,396,6,395,7,394,8,393,9,392,10,392,11,392,12,391,13,391,14,391,15,391,16,391,17,392,18,392,19,392,20,393,20,394,21,395,22,396,23,397,24,398,25,399,26,400,27,400,28,401,29,402,29,403,29,404,29,405,29,406,30,407,30,408,30,409,31,410,32,411,32,412,32,413,32,414,31,415,30,416,29,417,28,418,27,419,26,420,25,421,24,421,23,421,22,421,21,421,20,422,19,421,18,421,17,421,16,421,15,421,14,421,13,421,12,420,11,420,10,419,9,419,8,418,7,417,6,416,6,415,5,414,4,413,4,412,3,411,3,410,2,409,2,408,2,407,2,406,2,405,2,404,2,403,2,402,2,401,2
427,2,427,3,427,4,427,5,427,6,428,7,428,8,429,9,430,10,430,11,431,12,432,12,433,13,434,13,435,14,436,14,437,14,438,14,439,15,440,15,441,15,442,15,443,15,444,14,445,14,446,14,447,13,448,13,449,12,450,11,451,10,452,9,453,8,454,8,455,7,456,6,457,5,458,4,457,3,456,3,455,2,454,2,453,2,452,2,451,2,450,2,449,2,448,2,447,2,446,2,445,2,444,2,443,2,442,2,441,2,440,2,439,2,438,2,437,2,436,2,435,2,434,2,433,2,432,2,431,2,430,2,429,2,428,2
266,4,265,5,264,5,263,5,262,5,261,6,260,6,259,7,258,7,257,8,256,9,255,10,254,11,253,12,252,13,252,14,251,15,251,16,252,17,252,18,252,19,252,20,252,21,252,22,252,23,252,24,252,25,252,26,253,27,253,28,253,29,253,30,253,31,254,31,255,31,256,32,257,33,258,33,259,34,260,34,261,35,262,35,263,36,264,36,265,36,266,37,267,37,268,38,269,38,270,37,271,37,272,37,273,36,274,36,275,36,276,35,277,35,278,34,279,34,280,33,281,33,281,32,282,31,283,30,283,29,283,28,283,27,283,26,283,25,283,24,284,23,284,22,284,21,284,20,283,19,283,18,283,17,283,16,283,15,282,14,282,13,281,12,281,11,280,10,279,9,278,8,277,8,276,7,275,7,274,6,273,5,272,5,271,5,270,5,269,4,268,4,267,4
100,7,99,8,98,9,97,9,96,10,95,10,94,11,93,11,92,12,91,12,90,13,89,13,88,13,87,14,87,15,87,16,87,17,86,18,86,19,86,20,85,21,85,22,85,23,85,24,85,25,85,26,85,27,85,28,85,29,85,30,86,31,86,32,87,33,87,34,88,35,88,36,89,37,90,38,91,39,92,39,93,40,94,41,95,41,96,42,97,42,98,42,99,43,100,43,101,43,102,43,103,43,104,43,105,42,106,42,107,42,108,42,109,42,110,42,111,41,112,41,113,40,114,39,115,39,116,38,117,37,117,36,117,35,118,34,118,33,118,32,119,31,119,30,120,29,120,28,120,27,120,26,121,25,120,24,119,23,119,22,119,21,119,20,118,19,118,18,118,17,117,16,117,15,116,14,115,13,114,13,113,12,112,11,111,10,110,10,109,9,108,9,107,8,106,8,105,8,104,8,103,8,102,8,101,7
233,8,232,9,231,9,230,9,229,9,228,10,228,11,227,12,226,13,225,14,224,15,224,16,223,17,223,18,222,19,222,20,221,21,221,22,221,23,221,24,221,25,221,26,221,27,221,28,221,29,221,30,221,31,222,31,223,32,224,32,225,33,226,34,227,34,228,35,229,35,230,36,231,37,232,37,233,38,234,39,235,39,236,40,237,41,238,41,239,41,240,42,241,41,242,40,243,39,244,39,245,38,246,37,247,36,248,35,249,34,250,33,251,32,252,31,252,30,252,29,252,28,252,27,251,26,251,25,251,24,251,23,251,22,251,21,251,20,251,19,251,18,251,17,250,16,250,15,250,14,249,13,248,12,247,11,246,10,245,10,244,9,243,9,242,9,241,8,240,8,239,8,238,8,237,8,236,8,235,8,234,8
352,11,351,12,350,13,349,13,348,14,347,14,346,15,345,15,344,16,343,16,342,17,341,17,340,17,339,18,338,18,337,19,337,20,336,21,335,22,336,23,336,24,336,25,336,26,336,27,337,28,337,29,337,30,337,31,338,32,338,33,338,34,338,35,339,36,339,37,339,38,339,39,340,40,340,41,341,41,342,42,343,42,344,43,345,43,346,43,347,44,348,44,349,44,350,44,351,43,352,43,353,43,354,42,355,42,356,41,357,41,358,40,359,40,360,40,361,39,362,39,363,39,364,39,365,39,365,38,365,37,366,36,366,35,366,34,367,33,367,32,367,31,368,30,368,29,369,28,369,27,370,26,370,25,370,24,370,23,369,22,368,21,368,20,368,19,368,18,368,17,367,16,367,15,366,15,365,14,364,13,363,13,362,12,361,12,360,12,359,12,358,12,357,12,356,12,355,11,354,11,353,11
138,18,137,19,136,19,135,19,134,19,133,19,132,19,131,20,130,20,129,20,128,21,127,21,126,22,125,23,124,23,123,24,122,25,121,26,121,27,121,28,121,29,120,30,120,31,119,32,119,33,119,34,118,35,118,36,118,37,118,38,118,39,119,40,119,41,119,42,120,43,120,44,121,45,122,46,123,47,124,48,125,49,126,50,127,50,128,51,129,51,130,51,131,51,132,52,133,52,134,52,135,52,136,52,137,52,138,52,139,52,140,52,141,52,142,52,143,52,144,52,145,52,146,52,147,51,148,50,149,49,150,49,151,48,152,47,153,46,154,45,154,44,155,43,155,42,156,41,156,40,156,39,156,38,156,37,156,36,156,35,156,34,156,33,156,32,156,31,156,30,155,29,155,28,155,27,155,26,154,25,153,24,152,23,151,22,150,21,149,20,148,20,147,20,146,20,145,20,144,19,143,19,142,19,141,19,140,19,139,18
320,19,319,20,318,20,317,20,316,20,315,21,314,22,313,23,312,24,311,25,311,26,310,27,310,28,309,29,310,30,310,31,310,32,310,33,310,34,311,35,311,36,311,37,311,38,311,39,312,40,312,41,312,42,312,43,313,44,313,45,313,46,313,47,314,47,315,47,316,48,317,48,318,49,319,49,320,49,321,50,322,50,323,50,324,50,325,50,326,50,327,50,328,50,329,50,330,50,331,49,332,49,333,48,334,47,335,46,336,45,337,44,337,43,338,42,339,41,339,40,338,39,338,38,338,37,338,36,337,35,337,34,337,33,337,32,336,31,336,30,336,29,336,28,335,27,335,26,335,25,335,24,335,23,334,22,333,22,332,22,331,21,330,21,329,20,328,20,327,20,326,20,325,19,324,19,323,19,322,19,321,19
381,20,380,21,379,21,378,21,377,22,376,22,375,23,374,23,373,24,372,24,371,24,371,25,371,26,370,27,370,28,369,29,369,30,368,31,368,32,368,33,367,34,367,35,367,36,366,37,366,38,366,39,367,40,368,41,368,42,369,43,370,44,371,45,371,46,372,47,372,48,373,49,374,50,374,51,375,52,375,53,376,53,377,53,378,54,379,54,380,54,381,54,382,55,383,55,384,55,385,55,386,55,387,55,388,54,389,54,390,54,391,53,392,53,393,52,394,52,395,51,396,50,397,49,398,48,398,47,399,46,399,45,400,44,400,43,401,42,401,41,401,40,401,39,401,38,401,37,401,36,401,35,401,34,401,33,401,32,401,31,401,30,400,29,399,28,399,27,398,26,397,25,396,24,395,23,394,22,393,21,392,21,391,21,390,20,389,20,388,20,387,20,386,20,385,20,384,20,383,20,382,20
293,23,292,24,291,24,290,24,289,25,288,26,287,27,286,28,285,29,284,29,284,30,283,31,282,32,282,33,282,34,282,35,282,36,282,37,282,38,281,39,281,40,281,41,281,42,282,43,282,44,283,45,283,46,284,47,284,48,285,49,286,50,287,51,288,52,289,52,290,53,291,53,292,54,293,54,294,54,295,55,296,55,297,55,298,55,299,55,300,55,301,55,302,55,303,55,304,54,305,54,306,54,307,53,308,53,309,52,309,51,310,50,311,49,311,48,312,47,312,46,312,45,312,44,311,43,311,42,311,41,311,40,310,39,310,38,310,37,310,36,310,35,309,34,309,33,309,32,309,31,309,30,308,29,308,28,307,27,306,27,305,26,304,25,303,24,302,24,301,23,300,23,299,23,298,23,297,23,296,23,295,23,294,23
220,31,219,32,218,32,217,32,216,32,215,33,214,33,213,33,212,34,211,34,210,35,209,36,208,37,207,38,206,39,206,40,205,41,204,42,204,43,203,44,202,45,202,46,202,47,202,48,202,49,202,50,202,51,202,52,202,53,202,54,202,55,203,56,203,57,203,58,204,59,204,60,205,61,206,62,206,63,207,64,208,65,209,66,210,67,211,67,212,68,213,68,214,69,215,69,216,69,217,69,218,70,219,70,220,70,221,71,222,71,223,71,224,70,225,70,226,69,227,68,228,67,229,66,230,65,231,64,232,63,233,62,234,61,235,60,236,59,237,58,238,57,238,56,238,55,238,54,238,53,238,52,238,51,238,50,238,49,238,48,238,47,238,46,238,45,238,44,237,43,237,42,236,41,235,40,234,40,233,39,232,38,231,38,230,37,229,36,228,36,227,35,226,35,225,34,224,33,223,33,222,32,221,32
252,32,251,33,250,34,249,35,248,36,247,37,246,38,245,39,244,40,243,40,242,41,241,42,240,43,239,44,239,45,239,46,239,47,239,48,239,49,239,50,239,51,239,52,239,53,239,54,239,55,239,56,239,57,240,58,241,58,242,59,243,60,244,61,245,61,246,62,247,63,248,63,249,64,250,64,251,65,252,65,253,65,254,66,255,66,256,67,257,67,258,66,259,66,260,66,261,66,262,66,263,65,264,65,265,64,266,63,267,62,268,61,269,60,270,59,271,58,271,57,272,56,272,55,272,54,272,53,272,52,272,51,272,50,272,49,272,48,272,47,272,46,272,45,271,44,271,43,270,42,270,41,269,40,268,39,267,38,266,38,265,37,264,37,263,37,262,36,261,36,260,35,259,35,258,34,257,34,256,33,255,32,254,32,253,32
177,35,176,36,175,36,174,36,173,37,172,38,171,38,170,39,169,40,168,41,168,42,167,43,166,44,166,45,165,46,165,47,165,48,164,49,164,50,164,51,164,52,164,53,164,54,164,55,164,56,164,57,164,58,165,59,165,60,165,61,166,62,166,63,167,64,168,65,169,66,170,67,171,67,172,68,173,68,174,68,175,69,176,69,177,69,178,69,179,69,180,69,181,69,182,69,183,69,184,69,185,68,186,68,187,67,188,67,189,66,190,66,191,65,192,64,193,63,193,62,194,61,194,60,195,59,195,58,195,57,195,56,196,55,196,54,196,53,196,52,196,51,196,50,196,49,195,48,195,47,195,46,195,45,194,44,194,43,193,42,192,41,191,40,190,39,189,38,188,37,187,36,186,36,185,36,184,35,183,35,182,35,181,35,180,35,179,35,178,35
458,35,457,36,456,36,455,37,454,38,453,39,452,39,451,40,450,41,450,42,449,43,448,44,448,45,448,46,447,47,447,48,447,49,447,50,447,51,447,52,447,53,447,54,448,55,448,56,448,57,449,58,449,59,450,60,451,61,452,62,453,63,454,64,455,65,456,66,457,66,458,66,458,65,459,64,459,63,459,62,459,61,459,60,459,59,459,58,459,57,459,56,459,55,459,54,459,53,459,52,459,51,459,50,459,49,459,48,459,47,459,46,459,45,459,44,459,43,459,42,459,41,459,40,459,39,459,38,459,37,459,36
361,40,360,41,359,41,358,41,357,42,356,42,355,43,354,43,353,44,352,44,351,44,350,45,349,45,349,46,349,47,349,48,348,49,348,50,347,51,347,52,347,53,347,54,347,55,347,56,347,57,347,58,347,59,347,60,346,61,347,62,348,63,349,64,350,65,351,66,352,67,353,68,354,68,355,69,356,69,357,70,358,70,359,69,360,69,361,68,362,68,363,67,364,66,365,66,366,65,367,64,368,63,369,63,370,62,371,61,372,61,372,60,372,59,373,58,373,57,373,56,374,55,374,54,374,53,374,52,373,51,373,50,372,49,371,48,371,47,370,46,370,45,369,44,368,43,367,42,367,41,366,40,365,40,364,40,363,40,362,40
238,58,237,59,236,60,235,61,234,62,233,63,232,64,231,65,230,66,229,67,228,68,227,69,226,70,225,71,224,71,223,72,223,73,223,74,223,75,223,76,223,77,223,78,223,79,224,80,224,81,224,82,225,83,225,84,225,85,226,86,226,87,227,88,228,89,228,90,229,91,230,91,231,92,232,93,233,93,234,93,235,94,236,94,237,94,238,94,239,94,240,94,241,94,242,94,243,94,244,94,245,94,246,94,247,94,248,94,249,93,250,93,251,93,252,92,253,91,254,90,255,89,256,88,256,87,257,86,258,85,258,84,259,83,259,82,260,81,260,80,260,79,260,78,260,77,259,76,259,75,259,74,259,73,259,72,258,71,258,70,257,69,256,68,255,67,254,67,253,66,252,66,251,66,250,65,249,65,248,64,247,64,246,63,245,62,244,62,243,61,242,60,241,59,240,59,239,58
334,58,333,59,332,59,331,59,330,59,329,60,328,61,327,61,326,62,325,62,324,63,323,64,323,65,322,66,322,67,321,68,321,69,321,70,321,71,320,72,320,73,320,74,320,75,321,76,321,77,321,78,321,79,322,80,323,81,324,82,325,83,326,83,327,84,328,85,329,86,330,87,331,88,332,88,333,88,334,88,335,88,336,89,337,89,338,89,339,89,340,89,341,89,342,90,343,90,344,89,345,89,346,88,347,88,348,87,349,87,350,86,351,86,352,85,353,85,354,84,355,83,356,82,356,81,356,80,356,79,356,78,357,77,357,76,357,75,357,74,357,73,357,72,357,71,356,70,355,70,354,69,353,69,352,68,351,67,350,66,349,65,348,64,347,63,346,62,345,61,344,61,343,61,342,60,341,60,340,60,339,59,338,59,337,59,336,59,335,58
45,60,44,61,43,61,42,61,41,62,40,62,39,63,38,64,37,65,36,66,35,67,34,68,34,69,33,70,33,71,32,72,32,73,32,74,32,75,32,76,32,77,32,78,33,79,33,80,33,81,33,82,34,83,34,84,35,85,36,85,37,86,38,87,39,87,40,88,41,88,42,88,43,88,44,88,45,89,46,89,47,89,48,88,49,88,50,88,51,88,52,88,53,87,54,87,55,87,56,87,57,86,58,85,59,84,60,83,61,82,62,81,62,80,63,79,63,78,63,77,64,76,64,75,64,74,64,73,64,72,64,71,64,70,63,69,63,68,63,67,62,66,62,65,61,64,60,63,59,62,58,61,57,60,56,60,55,60,54,60,53,60,52,60,51,60,50,60,49,60,48,60,47,60,46,60
373,61,372,62,371,62,370,63,369,64,368,64,367,65,366,66,365,67,364,67,363,68,362,69,361,69,360,70,359,70,358,71,358,72,358,73,358,74,358,75,358,76,358,77,357,78,357,79,357,80,357,81,358,82,358,83,359,84,359,85,360,86,360,87,361,88,362,89,363,90,364,91,365,91,366,92,367,92,368,93,369,94,370,95,371,96,372,95,373,95,374,94,375,94,376,94,377,93,378,93,379,93,380,92,381,92,382,92,383,91,384,91,385,90,386,90,387,89,388,89,389,88,389,87,390,86,390,85,391,84,391,83,391,82,392,81,392,80,392,79,392,78,392,77,392,76,391,75,391,74,391,73,391,72,390,71,390,70,389,69,389,68,388,67,387,66,386,65,385,65,384,64,383,63,382,63,381,62,380,62,379,62,378,62,377,62,376,62,375,62,374,62
298,64,297,65,296,66,295,66,294,67,293,68,292,69,291,70,290,71,289,72,288,73,288,74,287,75,287,76,286,77,286,78,286,79,286,80,286,81,286,82,286,83,286,84,286,85,286,86,286,87,287,88,287,89,288,90,288,91,289,92,290,93,291,94,292,94,293,95,294,96,295,96,296,97,297,97,298,97,299,97,300,97,301,97,302,97,303,97,304,97,305,97,306,97,307,96,308,96,309,96,310,95,311,95,312,94,313,93,314,93,314,92,315,91,316,90,317,89,317,88,317,87,318,86,318,85,318,84,319,83,319,82,319,81,320,80,320,79,320,78,320,77,320,76,319,75,319,74,319,73,319,72,318,72,317,71,317,70,316,69,315,68,315,67,314,66,313,66,312,65,311,65,310,64,309,64,308,64,307,64,306,64,305,64,304,64,303,64,302,64,301,64,300,64,299,64
70,83,69,84,68,84,67,84,66,84,65,84,64,85,63,85,62,85,61,85,60,86,59,86,58,86,57,87,56,88,55,89,54,90,53,91,52,92,51,93,50,94,50,95,49,96,48,97,47,98,47,99,47,100,47,101,46,102,46,103,46,104,46,105,46,106,47,107,47,108,47,109,48,110,48,111,49,112,49,113,50,114,51,114,52,115,53,115,54,116,55,116,56,117,57,117,58,117,59,117,60,117,61,116,62,116,63,116,64,116,65,116,66,116,67,116,68,116,69,115,70,115,71,114,72,114,73,113,74,113,75,112,76,111,77,111,78,110,79,109,80,108,80,107,81,106,81,105,82,104,82,103,82,102,83,101,83,100,83,99,82,98,83,97,83,96,83,95,82,94,82,93,82,92,82,91,81,90,81,89,80,88,80,87,79,86,78,86,77,85,76,85,75,84,74,84,73,84,72,84,71,83
435,84,434,85,433,85,432,85,431,85,430,86,429,87,428,87,427,88,426,88,425,89,424,90,424,91,423,92,422,93,422,94,421,95,421,96,421,97,420,98,420,99,419,100,419,101,420,102,420,103,420,104,420,105,420,106,420,107,421,108,421,109,422,110,422,111,423,112,423,113,424,114,425,115,426,115,427,116,428,116,429,117,430,117,431,118,432,118,433,119,434,119,435,120,436,120,437,120,438,120,439,120,440,119,441,120,442,119,443,119,444,119,445,119,446,118,446,117,447,116,447,115,448,114,449,113,449,112,450,111,450,110,451,109,451,108,451,107,452,106,452,105,452,104,453,103,453,102,453,101,454,100,454,99,453,99,452,98,452,97,451,96,451,95,450,94,450,93,449,92,448,91,447,90,446,89,445,88,444,87,443,87,442,86,441,86,440,86,439,85,438,85,437,85,436,84
389,89,388,90,387,90,386,91,385,91,384,92,383,92,382,93,381,93,380,93,379,94,378,94,377,94,376,95,375,95,374,95,373,96,372,96,372,97,372,98,372,99,372,100,372,101,371,102,371,103,372,104,372,105,373,106,374,107,374,108,375,109,376,110,376,111,377,112,377,113,378,114,378,115,379,116,379,117,380,118,380,119,380,120,381,121,382,122,383,122,384,122,385,122,386,123,387,123,388,123,389,123,390,122,391,121,392,121,393,120,394,119,395,118,396,117,397,116,398,115,399,115,400,114,401,113,402,112,403,111,404,110,403,109,403,108,403,107,404,106,404,105,403,104,403,103,403,102,403,101,403,100,402,99,402,98,401,97,401,96,400,95,399,94,398,93,397,92,396,91,395,91,394,90,393,90,392,89,391,89,390,89
120,90,119,91,118,91,117,91,116,92,115,92,114,93,113,93,112,94,112,95,111,96,110,97,110,98,109,99,108,100,108,101,108,102,108,103,108,104,108,105,108,106,108,107,108,108,108,109,109,110,109,111,109,112,110,113,110,114,110,115,110,116,110,117,111,118,112,119,113,120,114,121,115,121,116,122,117,122,118,122,119,123,120,123,121,124,122,124,123,124,124,123,125,123,126,123,127,123,128,123,129,122,130,122,131,122,132,122,133,122,134,121,135,121,136,121,137,121,138,121,138,120,139,119,139,118,140,117,140,116,140,115,141,114,141,113,141,112,141,111,141,110,141,109,141,108,142,107,142,106,142,105,141,104,141,103,140,102,139,101,139,100,138,99,137,98,136,97,135,97,134,96,133,95,132,94,131,93,130,93,129,92,128,92,127,91,126,91,125,90,124,90,123,90,122,90,121,90
201,96,200,97,199,97,198,97,197,98,196,98,195,99,194,100,193,101,192,102,192,103,191,104,191,105,191,106,190,107,190,108,189,109,189,110,189,111,189,112,189,113,189,114,189,115,189,116,190,117,190,118,191,119,191,120,192,121,192,122,193,123,193,124,194,125,195,126,196,127,197,127,198,128,199,129,200,129,201,130,202,130,203,131,204,131,205,131,206,131,207,131,208,131,209,131,210,131,211,131,212,131,213,130,214,130,215,129,216,129,217,128,218,127,219,126,219,125,220,124,221,123,221,122,221,121,222,120,222,119,222,118,222,117,222,116,222,115,222,114,221,113,221,112,221,111,221,110,221,109,220,108,220,107,219,106,219,105,218,104,217,103,216,102,215,101,215,100,214,100,213,99,212,98,211,98,210,97,209,96,208,96,207,96,206,96,205,96,204,96,203,96,202,96
456,98,455,99,455,100,454,101,454,102,454,103,453,104,453,105,453,106,452,107,452,108,452,109,451,110,451,111,450,112,450,113,449,114,448,115,448,116,447,117,447,118,446,119,446,120,447,121,447,122,448,123,448,124,449,125,450,126,450,127,451,127,452,128,453,129,454,129,455,130,456,130,457,130,458,130,458,129,459,128,459,127,459,126,459,125,459,124,459,123,459,122,459,121,459,120,459,119,459,118,459,117,459,116,459,115,459,114,459,113,459,112,459,111,459,110,459,109,459,108,459,107,459,106,459,105,459,104,459,103,459,102,459,101,459,100,459,99,458,98,457,98
360,103,359,104,358,104,357,104,356,105,355,105,354,106,353,107,352,108,351,109,351,110,350,111,349,112,349,113,349,114,348,115,348,116,348,117,348,118,348,119,348,120,348,121,348,122,348,123,349,124,349,125,350,126,350,127,350,128,351,129,352,130,353,130,354,131,355,131,356,132,357,132,358,133,359,133,360,134,361,134,362,134,363,135,364,135,365,136,366,135,367,135,368,135,369,134,370,134,371,133,372,133,373,132,374,131,375,130,376,129,377,128,377,127,378,126,378,125,378,124,379,123,380,122,380,121,379,120,379,119,379,118,378,117,378,116,377,115,377,114,376,113,376,112,375,111,375,110,374,109,373,108,373,107,372,106,371,105,371,104,370,104,369,104,368,103,367,103,366,103,365,103,364,103,363,103,362,103,361,103
263,104,262,105,261,105,260,105,259,105,258,105,257,105,256,106,255,107,254,107,253,108,252,109,251,110,250,111,249,112,249,113,248,114,248,115,247,116,247,117,247,118,246,119,246,120,246,121,246,122,246,123,246,124,246,125,247,126,247,127,247,128,248,129,248,130,248,131,249,131,250,131,251,132,252,132,253,133,254,133,255,134,256,134,257,135,258,135,259,136,260,136,261,137,262,137,263,137,264,137,265,137,266,137,267,137,268,136,269,136,270,136,271,135,272,135,273,134,274,133,275,132,276,131,277,130,277,129,278,128,278,127,278,126,278,125,279,124,279,123,279,122,279,121,279,120,279,119,279,118,278,117,278,116,278,115,277,114,277,113,276,112,276,111,275,110,274,109,273,108,272,107,271,106,270,106,269,106,268,105,267,105,266,105,265,105,264,105
404,111,403,112,402,113,401,114,400,115,399,116,398,116,397,117,396,118,395,119,394,120,393,121,392,122,391,122,390,123,390,124,390,125,390,126,390,127,390,128,390,129,390,130,390,131,390,132,391,133,391,134,391,135,392,136,392,137,393,138,393,139,393,140,394,141,394,142,395,142,396,143,397,143,398,143,399,143,400,143,401,144,402,144,403,144,404,144,405,145,406,145,407,145,408,145,409,145,410,145,410,144,411,143,412,142,413,141,414,140,414,139,415,138,416,137,416,136,417,135,417,134,417,133,417,132,417,131,417,130,417,129,417,128,417,127,417,126,417,125,417,124,417,123,417,122,417,121,417,120,416,119,416,118,416,117,415,116,414,115,413,114,412,113,411,113,410,112,409,112,408,112,407,111,406,111,405,111
323,115,322,116,321,116,320,117,319,118,318,118,317,119,316,119,315,120,315,121,314,122,313,123,312,124,311,125,310,126,309,126,310,127,310,128,310,129,310,130,310,131,311,132,311,133,311,134,311,135,312,136,312,137,312,138,312,139,312,140,313,141,313,142,313,143,313,144,314,145,314,146,314,147,314,148,315,148,316,149,317,149,318,150,319,150,320,151,321,151,322,152,323,152,324,152,325,152,326,152,327,151,328,151,329,150,330,150,331,150,332,150,333,149,334,149,335,149,336,149,337,148,338,148,338,147,338,146,339,145,339,144,340,143,340,142,341,141,341,140,342,139,342,138,343,137,343,136,344,135,344,134,345,133,346,132,346,131,346,130,345,129,345,128,345,127,345,126,345,125,345,124,344,123,343,122,343,121,342,120,341,119,340,118,339,118,338,117,337,117,336,116,335,116,334,116,333,115,332,115,331,115,330,115,329,115,328,115,327,115,326,115,325,115,324,115
14,116,14,117,13,118,12,118,11,119,10,118,9,117,8,118,7,118,7,119,7,120,7,121,7,122,6,123,6,124,6,125,6,126,6,127,6,128,6,129,5,130,5,131,5,132,5,133,5,134,5,135,6,136,5,137,5,138,5,139,5,140,5,141,5,142,6,143,6,144,6,145,6,146,6,147,7,148,7,149,8,150,8,151,9,152,10,153,11,154,12,155,13,155,14,155,15,156,16,155,17,155,18,155,19,155,20,155,21,155,22,155,23,155,24,155,25,155,26,155,27,154,28,154,29,153,30,152,31,151,32,150,33,149,33,148,33,147,34,146,34,145,34,144,34,143,35,142,35,141,35,140,35,139,35,138,35,137,35,136,34,135,34,134,34,133,33,132,33,131,32,130,32,129,32,128,31,127,31,126,30,125,29,124,28,123,28,122,27,121,26,120,25,119,24,118,23,117,22,117,21,116,20,116,19,116,18,116,17,116,16,116,15,116
134,122,133,123,132,123,131,123,130,123,129,123,128,124,127,124,126,124,125,124,124,125,123,125,122,125,122,126,121,127,121,128,121,129,121,130,120,131,120,132,120,133,120,134,119,135,119,136,119,137,119,138,119,139,119,140,120,141,120,142,120,143,121,144,122,145,123,146,123,147,124,148,124,149,125,149,126,150,127,150,128,151,129,151,130,151,131,151,132,151,133,151,134,152,135,152,136,152,137,152,138,153,139,153,140,153,141,153,142,153,143,153,144,152,145,152,146,151,147,150,148,150,149,149,150,149,151,148,151,147,152,146,152,145,153,144,153,143,154,142,154,141,154,140,153,139,153,138,153,137,153,136,152,135,152,134,151,133,151,132,150,131,150,130,149,129,149,128,148,128,147,127,146,126,145,125,144,125,143,124,142,124,141,124,140,123,139,123,138,122,137,122,136,122,135,122
299,125,298,126,297,126,296,126,295,127,294,127,293,128,293,129,292,130,292,131,291,132,291,133,290,134,290,135,289,136,289,137,289,138,289,139,289,140,289,141,289,142,289,143,289,144,289,145,290,146,290,147,291,148,292,149,293,150,294,150,295,151,296,151,297,151,298,152,299,152,300,152,301,152,302,152,303,152,304,152,305,152,306,151,307,151,308,151,309,150,310,150,311,149,312,149,313,148,313,147,313,146,313,145,312,144,312,143,312,142,312,141,311,140,311,139,311,138,311,137,311,136,310,135,310,134,310,133,310,132,309,131,309,130,309,129,309,128,309,127,308,127,307,126,306,126,305,126,304,125,303,125,302,125,301,125,300,125
350,130,349,131,348,132,347,131,347,132,346,133,345,134,345,135,344,136,344,137,343,138,343,139,342,140,342,141,341,142,341,143,340,144,340,145,339,146,339,147,339,148,338,149,338,150,339,151,339,152,339,153,340,154,340,155,341,156,342,157,343,158,344,159,345,159,346,160,347,161,348,161,349,162,350,162,351,162,352,163,353,163,354,163,355,163,356,163,357,163,358,163,359,163,360,162,361,162,362,161,363,161,364,161,365,160,366,160,367,159,367,158,368,157,368,156,368,155,368,154,369,153,369,152,369,151,369,150,369,149,369,148,369,147,368,146,368,145,368,144,367,143,367,142,367,141,366,140,366,139,365,138,365,137,364,136,363,136,362,135,361,135,360,135,359,134,358,134,357,133,356,133,355,132,354,132,353,131,352,131,351,130
429,130,428,131,427,131,426,131,425,131,424,132,423,132,422,132,421,132,420,133,419,133,418,133,418,134,418,135,417,136,417,137,416,138,415,139,415,140,414,141,413,142,412,143,411,144,411,145,411,146,411,147,411,148,411,149,411,150,411,151,412,152,412,153,412,154,413,155,413,156,414,157,414,158,415,159,416,160,417,161,418,162,418,163,419,163,420,164,421,165,422,166,423,166,424,166,425,167,426,167,427,167,428,167,429,168,430,168,431,168,432,169,433,169,434,168,435,167,436,167,437,166,438,166,439,165,440,164,441,164,442,163,443,162,444,162,445,161,446,161,447,160,447,159,447,158,447,157,447,156,446,155,446,154,446,153,447,152,447,151,447,150,447,149,447,148,447,147,447,146,447,145,447,144,446,143,446,142,445,141,444,140,444,139,443,138,443,137,442,136,441,135,441,134,440,134,439,133,438,133,437,132,436,132,435,131,434,131,433,130,432,130,431,130,430,130
246,132,245,133,244,133,243,133,242,133,241,134,240,134,239,135,238,135,237,136,236,137,235,138,234,139,234,140,233,141,232,142,232,143,232,144,232,145,232,146,232,147,232,148,232,149,233,150,233,151,233,152,233,153,234,154,234,155,234,156,234,157,235,158,235,159,235,160,235,161,236,161,237,162,238,162,239,163,240,163,241,164,242,164,243,164,244,164,245,165,246,165,247,165,248,165,249,165,250,165,251,165,252,164,253,164,254,164,255,164,256,164,257,163,258,163,259,162,260,162,261,161,262,160,263,159,263,158,264,157,264,156,265,155,265,154,265,153,265,152,265,151,265,150,265,149,265,148,265,147,265,146,265,145,265,144,264,143,264,142,263,141,263,140,262,139,262,138,261,138,260,138,259,137,258,136,257,136,256,135,255,135,254,134,253,134,252,133,251,133,250,132,249,132,248,132,247,132
459,136,458,137,457,137,456,138,455,139,454,140,453,141,452,142,451,143,450,144,449,145,448,146,448,147,448,148,448,149,448,150,448,151,448,152,447,153,447,154,447,155,448,156,448,157,448,158,448,159,448,160,448,161,449,161,450,162,451,163,452,163,453,164,454,165,455,165,456,166,457,166,458,167,459,167,459,166,459,165,459,164,459,163,459,162,459,161,459,160,459,159,459,158,459,157,459,156,459,155,459,154,459,153,459,152,459,151,459,150,459,149,459,148,459,147,459,146,459,145,459,144,459,143,459,142,459,141,459,140,459,139,459,138,459,137
216,137,215,138,214,138,213,138,212,139,211,139,210,140,209,141,208,142,207,143,206,144,206,145,205,146,205,147,204,148,204,149,204,150,203,151,203,152,203,153,203,154,203,155,203,156,204,157,204,158,204,159,204,160,204,161,205,162,205,163,206,164,206,165,207,166,208,167,208,168,209,169,210,170,211,171,212,171,213,172,214,172,215,173,216,173,217,173,218,173,219,174,220,174,221,174,222,173,223,173,224,173,225,173,226,172,227,172,228,171,229,171,230,170,231,169,231,168,232,167,232,166,233,165,233,164,233,163,234,162,234,161,234,160,234,159,234,158,233,157,233,156,233,155,233,154,232,153,232,152,232,151,232,150,231,149,231,148,231,147,231,146,231,145,231,144,231,143,230,143,229,142,228,141,227,140,226,139,225,139,224,138,223,138,222,137,221,137,220,137,219,137,218,137,217,137
384,148,383,149,382,149,381,149,380,150,379,150,378,151,377,152,376,152,375,153,374,154,373,155,373,156,372,157,372,158,371,159,371,160,370,161,370,162,370,163,369,164,369,165,369,166,368,167,368,168,368,169,368,170,368,171,368,172,369,173,369,174,370,175,370,176,371,177,371,178,372,179,372,180,373,181,373,182,374,183,374,184,375,185,375,186,376,187,377,188,378,188,379,188,380,189,381,189,382,189,383,189,384,190,385,190,386,190,387,190,388,190,389,190,390,190,391,189,392,188,393,188,394,187,395,186,396,185,397,184,398,183,399,182,399,181,399,180,400,179,400,178,400,177,401,176,401,175,401,174,401,173,401,172,401,171,401,170,401,169,401,168,401,167,401,166,401,165,401,164,401,163,401,162,400,161,400,160,400,159,399,158,399,157,399,156,398,155,397,154,396,153,395,152,394,151,393,151,392,150,391,150,390,149,389,149,388,148,387,148,386,148,385,148
117,149,116,150,115,150,114,150,113,150,112,151,111,151,110,152,109,153,108,154,107,155,106,156,105,157,104,158,104,159,104,160,104,161,104,162,103,163,103,164,103,165,103,166,103,167,104,168,104,169,104,170,104,171,104,172,105,173,106,174,106,175,107,176,108,177,109,178,110,179,111,179,112,180,113,180,114,181,115,182,116,182,117,182,118,183,119,183,120,183,121,184,122,184,123,183,124,183,125,183,126,183,127,183,128,183,129,182,130,182,131,181,132,180,133,179,134,178,135,177,136,176,136,175,136,174,136,173,136,172,137,171,137,170,137,169,137,168,136,167,136,166,136,165,136,164,135,163,135,162,135,161,134,160,134,159,134,158,133,157,133,156,132,155,131,154,130,153,129,152,128,152,127,151,126,151,125,150,124,150,123,150,122,150,121,150,120,150,119,149,118,149
447,161,446,162,445,162,444,163,443,163,442,164,441,165,440,165,439,166,438,167,437,167,436,168,435,168,434,169,433,170,433,171,433,172,433,173,433,174,432,175,432,176,432,177,433,178,433,179,433,180,433,181,433,182,434,183,434,184,435,185,436,185,437,186,438,186,439,187,440,187,441,188,442,188,443,189,444,189,445,189,446,189,447,189,448,189,449,190,450,190,451,190,452,190,453,190,454,190,455,190,456,190,457,190,458,190,459,190,459,189,459,188,459,187,459,186,459,185,459,184,459,183,459,182,459,181,459,180,459,179,459,178,459,177,459,176,459,175,459,174,459,173,459,172,459,171,459,170,459,169,459,168,458,168,457,167,456,167,455,166,454,166,453,165,452,165,451,164,450,163,449,162,448,162
359,171,358,172,357,172,356,172,355,173,354,173,353,173,352,174,351,174,350,175,349,175,348,176,347,177,346,178,345,178,344,179,343,180,343,181,342,182,341,182,340,183,340,184,340,185,340,186,340,187,340,188,340,189,340,190,340,191,340,192,340,193,341,194,341,195,341,196,342,197,342,198,343,198,344,199,345,199,346,200,347,201,348,201,349,202,350,202,351,203,352,203,353,204,354,204,355,205,356,205,357,205,358,204,359,204,360,203,361,203,362,203,363,202,364,202,365,201,366,200,367,200,368,199,369,198,370,197,371,196,372,195,373,194,373,193,374,192,374,191,374,190,374,189,375,188,375,187,374,186,374,185,373,184,373,183,372,182,372,181,371,180,371,179,370,178,370,177,369,176,369,175,368,174,368,173,367,172,366,172,365,172,364,172,363,172,362,171,361,171,360,171
150,181,149,182,148,182,147,182,146,182,145,183,144,183,143,183,142,184,141,184,140,185,139,185,138,186,137,187,136,188,135,189,135,190,134,191,134,192,133,193,133,194,132,195,132,196,132,197,132,198,132,199,131,200,132,201,132,202,132,203,132,204,132,205,133,206,133,207,134,208,135,209,135,210,136,211,137,211,138,212,139,213,140,213,141,214,142,214,143,214,144,215,145,215,146,215,147,215,148,216,149,216,150,216,151,216,152,216,153,216,154,216,155,216,156,215,157,214,158,214,159,213,160,212,161,211,162,210,162,209,163,208,164,207,164,206,165,205,165,204,166,203,166,202,166,201,166,200,167,199,167,198,167,197,167,196,167,195,166,194,166,193,166,192,165,191,165,190,165,189,164,188,163,187,162,186,161,185,160,184,159,183,158,183,157,182,156,182,155,181,154,181,153,181,152,181,151,181
434,185,433,186,432,186,431,187,430,187,429,187,428,187,427,188,426,189,425,190,425,191,424,192,424,193,424,194,424,195,425,196,425,197,425,198,425,199,426,200,427,200,428,201,429,201,430,201,431,201,432,201,433,201,434,202,435,202,436,202,437,202,438,202,439,202,440,203,441,202,441,201,441,200,442,199,442,198,442,197,443,196,443,195,443,194,444,193,444,192,444,191,445,190,444,190,443,190,442,189,441,189,440,188,439,188,438,187,437,187,436,186,435,186
446,190,445,191,445,192,445,193,444,194,444,195,444,196,443,197,443,198,443,199,442,200,442,201,442,202,441,203,442,204,443,204,444,205,445,206,446,207,447,208,448,208,449,209,450,210,451,211,452,211,453,210,454,210,455,209,456,209,457,209,458,208,459,208,459,207,459,206,459,205,459,204,459,203,459,202,459,201,459,200,459,199,459,198,459,197,459,196,459,195,459,194,459,193,459,192,459,191,458,191,457,191,456,191,455,191,454,191,453,191,452,191,451,191,450,191,449,191,448,190,447,190
295,192,294,193,293,193,292,193,291,193,290,194,289,195,288,195,287,196,286,197,285,198,284,199,283,200,283,201,283,202,282,203,282,204,282,205,282,206,281,207,281,208,281,209,281,210,281,211,281,212,281,213,280,214,281,215,281,216,281,217,281,218,281,219,282,220,282,221,283,222,283,223,284,224,284,225,285,226,286,227,287,227,288,228,289,228,290,229,291,229,292,229,293,229,294,230,295,230,296,230,297,230,298,230,299,230,300,230,301,230,302,230,303,229,304,229,305,228,306,228,307,227,308,226,309,225,310,224,310,223,311,222,312,221,312,220,312,219,313,218,313,217,313,216,313,215,313,214,314,213,314,212,314,211,314,210,314,209,314,208,314,207,313,206,313,205,313,204,313,203,312,202,312,201,311,200,310,199,309,198,308,197,308,196,307,195,306,195,305,194,304,194,303,194,302,193,301,193,300,193,299,192,298,192,297,192,296,192
341,198,340,199,339,199,338,199,337,200,336,200,335,201,334,202,333,203,332,204,332,205,331,206,330,207,329,208,329,209,329,210,328,211,328,212,327,213,327,214,327,215,327,216,327,217,327,218,327,219,327,220,328,221,328,222,328,223,329,224,329,225,330,226,331,227,332,228,333,229,334,230,335,231,336,231,337,232,338,232,339,232,340,232,341,232,342,233,343,233,344,233,345,233,346,232,347,232,348,232,349,232,350,231,351,231,352,230,353,230,354,229,355,228,356,227,356,226,357,225,357,224,357,223,358,222,358,221,359,220,359,219,359,218,358,217,358,216,358,215,358,214,358,213,358,212,358,211,358,210,357,209,357,208,356,207,356,206,355,206,354,205,353,205,352,204,351,204,350,203,349,203,348,202,347,202,346,201,345,200,344,200,343,199,342,199
425,201,424,202,423,203,422,203,421,204,420,204,419,205,418,206,417,207,416,208,415,209,414,210,414,211,413,212,413,213,412,214,412,215,412,216,411,217,411,218,410,219,410,220,410,221,410,222,411,223,412,224,413,224,414,225,415,225,416,226,417,227,418,227,419,228,420,228,421,228,422,228,423,229,424,229,425,229,426,229,427,229,428,229,429,229,430,229,431,229,432,229,433,229,434,229,435,229,436,229,437,228,438,228,439,228,440,228,441,228,442,228,443,227,444,227,445,228,446,227,447,227,448,226,449,226,449,225,449,224,449,223,449,222,450,221,450,220,450,219,450,218,450,217,450,216,451,215,451,214,451,213,451,212,450,211,449,210,448,209,447,209,446,208,445,207,444,206,443,205,442,205,441,204,440,204,439,203,438,203,437,203,436,203,435,203,434,203,433,202,432,202,431,202,430,202,429,202,428,202,427,201,426,201
458,209,457,210,456,210,455,210,454,211,453,211,452,212,452,213,452,214,452,215,451,216,451,217,451,218,451,219,451,220,451,221,450,222,450,223,450,224,450,225,450,226,451,227,452,227,453,228,454,228,455,229,456,229,457,230,458,230,459,230,459,229,459,228,459,227,459,226,459,225,459,224,459,223,459,222,459,221,459,220,459,219,459,218,459,217,459,216,459,215,459,214,459,213,459,212,459,211,459,210,459,209
367,222,366,223,365,223,364,223,363,224,362,225,361,225,360,226,359,227,358,228,357,229,356,230,356,231,355,232,355,233,354,234,354,235,354,236,354,237,353,238,353,239,353,240,353,241,354,242,354,243,354,244,355,245,355,246,356,247,356,248,357,249,358,250,359,250,360,251,361,252,362,252,363,252,364,253,365,253,366,253,367,253,368,253,369,254,370,254,371,254,372,254,373,254,374,254,375,253,376,253,377,253,378,252,379,252,380,251,381,250,382,249,383,248,383,247,384,246,384,245,385,244,385,243,385,242,386,241,386,240,386,239,386,238,386,237,386,236,385,235,385,234,385,233,385,232,384,231,384,230,383,229,383,228,382,227,381,226,380,225,379,224,378,224,377,223,376,223,375,223,374,222,373,222,372,222,371,222,370,222,369,222,368,222
97,224,96,225,95,225,94,225,93,225,92,226,91,226,90,227,89,228,88,229,87,229,86,230,85,231,85,232,84,233,83,234,83,235,83,236,82,237,82,238,82,239,82,240,82,241,82,242,82,243,82,244,82,245,82,246,83,247,83,248,84,249,84,250,84,251,85,252,85,253,86,254,86,255,87,256,88,257,89,258,89,259,90,259,91,260,92,261,93,261,94,261,95,261,96,261,97,261,98,261,99,261,100,261,101,261,102,261,103,261,104,261,105,261,106,261,107,261,108,260,109,260,110,259,111,258,112,257,113,256,113,255,114,254,115,253,115,252,115,251,116,250,116,249,117,248,117,247,117,246,117,245,117,244,116,243,116,242,116,241,115,240,115,239,115,238,114,237,114,236,114,235,113,234,113,233,112,232,111,231,110,230,109,230,108,229,107,228,106,227,105,226,104,226,103,225,102,225,101,225,100,224,99,224,98,224
242,227,241,228,240,228,239,228,238,228,237,229,236,229,235,230,234,230,233,231,232,232,231,233,230,234,229,235,228,236,227,237,226,238,226,239,225,240,225,241,225,242,225,243,225,244,225,245,225,246,225,247,225,248,225,249,225,250,226,251,226,252,227,253,227,254,228,255,228,256,229,257,230,258,231,259,232,259,233,260,234,260,235,261,236,262,237,262,238,263,239,263,240,264,241,264,242,264,243,263,244,263,245,262,246,262,247,262,248,261,249,261,250,260,251,260,252,260,253,259,254,258,255,257,256,256,257,255,258,254,259,253,259,252,260,251,260,250,260,249,260,248,260,247,260,246,260,245,260,244,260,243,260,242,260,241,260,240,260,239,259,238,258,237,258,236,257,235,256,234,255,233,255,232,254,231,253,231,252,230,251,230,250,229,249,229,248,228,247,228,246,228,245,227,244,227,243,227
448,227,447,228,446,228,445,229,445,230,444,231,443,232,442,233,441,234,441,235,440,236,440,237,439,238,439,239,439,240,438,241,438,242,438,243,438,244,437,245,437,246,437,247,437,248,437,249,437,250,437,251,437,252,437,253,437,254,437,255,438,256,439,257,439,258,440,259,441,260,442,261,443,261,444,262,445,262,446,262,447,262,448,262,449,263,450,263,451,263,452,263,453,263,454,263,455,264,456,264,457,264,458,264,459,264,459,263,459,262,459,261,459,260,459,259,459,258,459,257,459,256,459,255,459,254,459,253,459,252,459,251,459,250,459,249,459,248,459,247,459,246,459,245,459,244,459,243,459,242,459,241,459,240,459,239,459,238,459,237,459,236,459,235,459,234,459,233,459,232,459,231,458,231,457,231,456,230,455,230,454,229,453,229,452,228,451,228,450,227,449,227
164,230,163,231,162,231,161,232,160,232,159,233,158,233,157,233,156,234,155,235,154,235,153,236,153,237,152,238,152,239,152,240,151,241,151,242,151,243,150,244,150,245,150,246,150,247,150,248,150,249,150,250,150,251,150,252,150,253,150,254,151,255,151,256,152,257,153,258,154,259,155,260,156,261,157,262,158,263,159,264,160,264,161,265,162,265,163,265,164,265,165,265,166,265,167,265,168,265,169,265,170,265,171,265,172,264,173,264,174,264,175,264,176,264,177,263,178,263,179,262,180,262,181,261,181,260,182,259,183,258,184,257,185,256,185,255,186,254,186,253,186,252,186,251,186,250,186,249,186,248,187,247,187,246,187,245,186,244,186,243,185,242,185,241,184,240,183,239,183,238,182,237,181,236,180,235,180,234,179,233,178,233,177,232,176,232,175,231,174,231,173,231,172,230,171,230,170,230,169,230,168,230,167,230,166,230,165,230
406,240,405,241,404,241,403,241,402,242,401,242,400,243,399,243,398,244,398,245,397,246,396,247,396,248,396,249,395,250,395,251,395,252,394,253,393,254,393,255,393,256,393,257,393,258,394,259,394,260,394,261,394,262,394,263,395,264,395,265,396,266,397,267,398,268,399,269,400,270,401,270,402,270,403,270,404,270,405,270,406,270,407,270,408,270,409,270,410,270,411,270,412,270,413,270,414,270,415,270,416,270,417,270,418,271,419,271,420,270,421,270,422,269,423,269,424,268,425,268,425,267,426,266,426,265,427,264,427,263,427,262,428,261,428,260,428,259,428,258,428,257,428,256,428,255,428,254,427,253,427,252,426,251,426,250,425,249,425,248,424,247,424,246,423,245,422,244,421,243,420,243,419,242,418,242,417,241,416,241,415,241,414,241,413,240,412,240,411,240,410,240,409,240,408,240,407,240
441,262,440,263,439,264,438,265,437,266,437,267,436,268,435,269,435,270,434,271,434,272,434,273,433,274,433,275,433,276,433,277,433,278,433,279,433,280,433,281,434,282,434,283,434,284,435,285,435,286,436,287,436,288,437,289,438,290,439,291,439,292,440,292,441,292,442,292,443,292,444,292,445,292,446,292,447,292,448,292,449,292,450,292,451,292,452,292,453,292,454,292,455,292,456,292,457,292,458,292,459,292,459,291,459,290,459,289,459,288,459,287,459,286,459,285,459,284,459,283,459,282,459,281,459,280,459,279,459,278,459,277,459,276,459,275,459,274,459,273,459,272,459,271,459,270,459,269,459,268,459,267,459,266,459,265,458,265,457,265,456,265,455,265,454,264,453,264,452,264,451,264,450,264,449,264,448,263,447,263,446,263,445,263,444,263,443,262,442,262
401,271,402,272,402,273,402,274,401,275,401,276,400,277,400,278,400,279,400,280,400,281,400,282,399,283,398,284,399,285,400,286,401,287,402,288,403,289,403,290,404,291,404,292,405,293,405,294,405,295,406,296,406,297,406,298,406,299,407,300,407,301,407,302,408,303,409,304,410,304,411,305,412,306,413,306,414,307,415,307,416,307,417,307,418,307,419,307,420,307,421,307,422,307,423,307,424,306,425,305,426,304,427,303,427,302,428,301,428,300,428,299,429,298,429,297,429,296,429,295,429,294,429,293,429,292,429,291,428,290,429,289,429,288,429,287,428,286,428,285,427,284,427,283,426,282,426,281,426,280,425,279,425,278,424,277,423,276,422,275,421,274,420,274,419,273,419,272,418,272,417,271,416,271,415,271,414,271,413,271,412,271,411,271,410,271,409,271,408,271,407,271,406,271,405,271,404,271,403,271,402,271
295,277,294,278,293,279,292,279,291,280,290,280,289,281,288,281,287,282,287,283,286,284,286,285,285,286,285,287,284,288,284,289,284,290,284,291,284,292,284,293,285,294,284,295,284,296,284,297,284,298,285,299,285,300,286,301,287,302,287,303,288,304,289,305,289,306,290,307,291,308,292,309,293,310,294,310,295,311,296,312,297,312,298,312,299,313,300,313,301,313,302,313,303,314,304,314,305,314,306,314,307,314,308,314,309,313,309,312,310,311,310,310,311,309,312,308,312,307,313,306,313,305,314,304,314,303,315,302,315,301,316,300,317,299,317,298,316,297,316,296,316,295,315,294,315,293,315,292,314,291,314,290,314,289,313,288,312,287,312,286,311,285,311,284,310,283,309,283,308,282,307,281,306,280,305,280,304,279,303,279,302,278,301,278,300,277,299,277,298,277,297,277,296,277
263,282,262,283,261,283,260,283,259,283,258,284,257,284,256,285,255,285,254,286,253,287,252,288,251,289,250,290,250,291,249,292,249,293,249,294,248,295,248,296,248,297,248,298,248,299,248,300,248,301,249,302,249,303,249,304,250,305,250,306,251,307,251,308,252,309,253,310,254,311,254,312,255,313,256,313,257,314,258,314,259,315,260,315,261,316,262,316,263,316,264,316,265,316,266,316,267,316,268,316,269,316,270,316,271,316,272,315,273,315,274,314,275,314,276,313,277,313,278,312,278,311,278,310,279,309,279,308,279,307,279,306,279,305,279,304,279,303,279,302,279,301,279,300,279,299,279,298,279,297,279,296,279,295,278,294,278,293,277,292,276,291,276,290,275,289,274,288,274,287,273,287,272,286,271,286,270,285,269,285,268,284,267,284,266,283,265,283,264,283
58,283,57,284,56,284,55,284,54,285,53,285,52,286,51,286,50,287,49,287,48,288,47,288,46,289,45,289,44,290,43,291,43,292,42,293,42,294,41,295,41,296,41,297,40,298,40,299,40,300,40,301,40,302,40,303,40,304,41,305,41,306,41,307,41,308,42,309,42,310,43,311,44,312,45,313,46,314,47,314,48,314,49,315,50,316,51,316,52,316,53,316,54,317,55,317,56,317,57,317,58,317,59,317,60,317,61,317,62,317,63,317,64,318,65,318,66,318,66,317,67,316,68,316,69,315,70,314,71,314,72,313,73,312,74,311,75,310,76,309,76,308,77,307,77,306,77,305,78,304,78,303,78,302,78,301,78,300,78,299,78,298,78,297,78,296,77,295,77,294,77,293,77,292,76,291,76,290,75,289,74,288,74,287,73,286,72,285,71,285,70,284,69,284,68,283,67,283,66,283,65,283,64,283,63,283,62,283,61,283,60,283,59,283
397,284,396,285,396,286,396,287,395,288,394,288,393,289,392,289,391,290,390,290,389,291,388,291,387,292,387,293,386,294,386,295,386,296,386,297,385,298,385,299,385,300,385,301,384,302,385,302,386,303,387,304,388,305,389,305,390,306,391,306,392,307,393,307,394,308,395,308,396,308,397,308,398,308,399,307,400,307,401,307,402,306,403,305,403,304,404,303,405,302,406,302,406,301,406,300,405,299,405,298,405,297,405,296,404,295,404,294,404,293,403,292,403,291,402,290,402,289,401,288,400,287,399,286,398,285
439,293,439,294,438,295,437,296,436,297,435,298,434,299,434,300,433,301,433,302,433,303,433,304,432,305,432,306,432,307,432,308,432,309,432,310,432,311,432,312,433,313,433,314,434,315,434,316,435,317,436,317,437,318,438,319,439,320,440,320,441,321,442,321,443,321,444,321,445,322,446,322,447,322,448,323,449,322,450,322,451,321,452,321,453,320,454,320,455,319,456,319,457,318,458,318,459,318,459,317,459,316,459,315,459,314,459,313,459,312,459,311,459,310,459,309,459,308,459,307,459,306,459,305,459,304,459,303,459,302,459,301,459,300,459,299,459,298,459,297,459,296,459,295,459,294,459,293,458,293,457,293,456,293,455,293,454,293,453,293,452,293,451,293,450,293,449,293,448,293,447,293,446,293,445,293,444,293,443,293,442,293,441,293,440,293
321,298,320,299,319,299,318,299,317,300,316,301,316,302,315,303,315,304,314,305,314,306,313,307,313,308,312,309,311,310,311,311,310,312,310,313,309,314,309,315,309,316,309,317,310,318,310,319,310,320,310,321,311,322,311,323,312,324,313,325,314,326,315,327,316,327,317,328,318,328,319,329,320,329,321,330,322,330,323,330,324,330,325,330,326,330,327,330,328,330,329,329,330,329,331,329,332,328,333,328,334,327,335,327,336,326,337,325,338,324,338,323,339,322,339,321,339,320,340,319,340,318,340,317,340,316,340,315,340,314,340,313,340,312,340,311,340,310,339,309,339,308,339,307,339,306,338,305,338,304,337,303,336,302,335,301,334,300,333,300,332,299,331,299,330,299,329,298,328,298,327,298,326,298,325,298,324,298,323,298,322,298
374,303,373,304,372,304,371,305,370,305,369,306,368,307,367,308,367,309,367,310,366,311,366,312,366,313,366,314,365,315,365,316,364,317,363,318,362,318,361,319,361,320,362,321,362,322,363,323,364,324,365,325,366,326,366,327,367,328,368,328,369,329,370,329,371,330,372,331,373,332,374,332,375,333,376,333,377,334,378,335,379,335,380,335,381,335,382,335,383,335,384,335,385,335,386,335,387,335,388,335,389,335,390,334,391,334,392,333,393,332,394,332,395,331,396,330,396,329,397,328,397,327,397,326,397,325,397,324,398,323,398,322,398,321,398,320,398,319,398,318,398,317,398,316,397,315,397,314,396,313,396,312,395,311,395,310,395,309,394,309,393,308,392,308,391,307,390,307,389,306,388,306,387,305,386,304,385,303,384,303,383,303,382,303,381,303,380,303,379,303,378,303,377,303,376,303,375,303
50,317,49,318,48,319,47,320,46,320,45,321,44,322,43,323,42,324,41,325,40,326,39,326,39,327,39,328,39,329,40,330,40,331,40,332,40,333,40,334,41,335,41,336,41,337,41,338,42,339,42,340,42,341,42,342,42,343,43,343,44,343,45,343,46,343,47,343,48,343,49,343,50,343,51,343,52,344,53,344,54,343,55,343,56,343,57,343,58,343,59,343,60,343,61,343,62,343,63,343,64,343,65,343,66,343,67,343,68,343,69,343,70,342,71,341,71,340,71,339,71,338,71,337,71,336,71,335,72,334,72,333,72,332,72,331,72,330,71,329,71,328,71,327,71,326,70,325,70,324,70,323,69,322,68,321,67,320,66,319,65,319,64,319,63,319,62,318,61,318,60,318,59,318,58,318,57,318,56,318,55,318,54,318,53,317,52,317,51,317
457,319,456,320,455,320,454,321,453,321,452,322,451,322,450,323,449,323,449,324,448,325,448,326,447,327,447,328,446,329,445,330,445,331,446,332,446,333,446,334,446,335,447,336,447,337,448,338,448,339,448,340,449,341,449,342,449,343,450,343,451,343,452,343,453,343,454,343,455,343,456,343,457,343,458,343,458,342,459,341,459,340,459,339,459,338,459,337,459,336,459,335,459,334,459,333,459,332,459,331,459,330,459,329,459,328,459,327,459,326,459,325,459,324,459,323,459,322,459,321,459,320,459,319,458,319
272,321,271,322,270,322,269,322,268,322,267,323,266,323,265,323,264,324,263,325,263,326,262,327,262,328,261,329,261,330,261,331,261,332,261,333,261,334,261,335,262,336,262,337,263,338,263,339,264,340,265,341,266,342,267,342,268,343,269,343,270,343,271,343,272,343,273,343,274,343,275,343,276,343,277,343,278,343,279,343,280,343,281,343,282,343,283,343,284,343,285,343,286,343,287,343,288,343,289,343,290,343,291,343,292,343,293,343,294,343,295,342,296,342,296,341,297,340,297,339,297,338,297,337,298,336,298,335,298,334,297,333,297,332,296,331,296,330,295,329,294,328,294,327,293,326,292,325,291,324,290,324,289,323,288,322,287,322,286,322,285,322,284,321,283,321,282,321,281,321,280,321,279,321,278,321,277,321,276,321,275,321,274,321,273,321
26,323,25,324,24,324,23,324,22,324,21,325,20,325,19,326,18,326,17,327,16,328,15,329,15,330,14,331,14,332,13,333,12,334,12,335,12,336,11,337,11,338,11,339,12,340,12,341,13,342,14,342,15,343,16,343,17,343,18,343,19,343,20,343,21,343,22,343,23,343,24,343,25,343,26,343,27,343,28,343,29,343,30,343,31,343,32,343,33,343,34,343,35,343,36,343,37,343,38,343,39,343,40,343,41,343,41,342,41,341,41,340,41,339,40,338,40,337,40,336,40,335,39,334,39,333,39,332,39,331,39,330,38,329,38,328,38,327,38,326,37,325,36,324,35,324,34,323,33,323,32,323,31,323,30,323,29,323,28,323,27,323
427,324,426,325,425,325,424,326,423,326,422,327,421,327,420,327,419,328,418,328,417,329,416,330,416,331,415,332,414,333,414,334,413,335,413,336,413,337,413,338,413,339,413,340,413,341,413,342,414,342,415,343,416,343,417,343,418,343,419,343,420,343,421,343,422,343,423,343,424,343,425,343,426,343,427,343,428,343,429,343,430,343,431,343,432,343,433,343,434,343,435,343,436,343,437,343,438,343,439,343,440,343,441,343,442,343,443,343,444,343,445,343,446,343,447,343,448,343,448,342,448,341,447,340,447,339,447,338,446,337,446,336,445,335,445,334,445,333,445,332,444,331,443,330,442,329,441,329,440,328,439,328,438,327,437,327,436,326,435,325,434,325,433,325,432,324,431,324,430,324,429,324,428,324
378,336,378,337,378,338,377,339,377,340,377,341,376,342,377,342,378,342,379,343,380,343,381,343,382,343,383,343,384,343,385,343,386,343,387,343,388,343,389,343,390,343,391,343,392,343,393,343,394,343,395,343,395,342,395,341,394,340,394,339,393,339,392,338,391,338,390,337,389,337,388,336,387,336,386,336,385,336,384,336,383,336,382,336,381,336,380,336,379,336
